%YAML:1.0
---
cameraMatrix: !!opencv-matrix
   rows: 3
   cols: 3
   dt: d
   data: [ 2.9438447284115591e+03, 0., 9.0743056089836443e+02, 0.,
       2.9485835148889341e+03, 6.9512401166364816e+02, 0., 0., 1. ]
distCoeffs: !!opencv-matrix
   rows: 1
   cols: 5
   dt: d
   data: [ -2.4559003623605530e-01, 3.7520544103970965e-01,
       2.0523992647844299e-03, -1.7246086691218895e-03,
       -3.1445059678227025e+00 ]
