%YAML:1.0
---
k: !!opencv-matrix
   rows: 3
   cols: 3
   dt: f
   data: [ 3.48897339e+02, 2.56530213e+00, 6.16724792e+02, 0.,
       3.49768402e+02, 4.77351471e+02, 0., 0., 1. ]
d: !!opencv-matrix
   rows: 4
   cols: 1
   dt: f
   data: [ 1.77586839e-01, 8.90605599e-02, 4.20588860e-03,
       -2.23360732e-02 ]
