%YAML:1.0
---
cameraMatrix: !!opencv-matrix
   rows: 3
   cols: 3
   dt: d
   data: [ 2.0211217322775262e+03, 0., 1.3705305212503235e+03, 0.,
       2.0139716357977829e+03, 9.4064601285732306e+02, 0., 0., 1. ]
distCoeffs: !!opencv-matrix
   rows: 1
   cols: 5
   dt: d
   data: [ 1.5760696106229802e-01, -2.9779313624405929e-01,
       -1.8831636123919242e-02, 4.1686814388321490e-03,
       -4.9501092562394078e-01 ]
