%YAML:1.0
---
homography: !!opencv-matrix
   rows: 3
   cols: 3
   dt: d
   data: [ 5.0649744087208404e-01, 5.1080497395397252e-02,
       -7.9826837605779900e+01, 3.9427328316252149e-03,
       6.2649254905815166e-01, -6.0286133755202613e+01,
       -1.6704874149407344e-05, 1.4439978477514260e-04, 1. ]
blue: [ 42., 90., 203., 0. ]
red: [ 42., 90., 203., 0. ]
green: [ 60., 139., 89., 0. ]
