%YAML:1.0
---
cameraMatrix: !!opencv-matrix
  rows: 3
  cols: 3
  dt: d
  data: [ 2.0142547712678834e+03, 0., 1.3454716720540780e+03, 0.,
          2.0183457612053758e+03, 1.0161780880527350e+03, 0., 0., 1. ]
distCoeffs: !!opencv-matrix
  rows: 1
  cols: 5
  dt: d
  data: [ 8.1178452772749224e-02, 2.4787401755306845e-01,
          5.3837399702503768e-03, 5.9923422482986398e-03,
          -8.5408879610175747e-01 ]
